brick 1
2212 1216 496 16 16
coin 29
1736 2144 544 16 16
1849 1104 528 16 16
1850 1120 528 16 16
1851 1136 528 16 16
1313 1072 576 16 16
1314 1088 576 16 16
1139 1136 592 16 16
1140 1152 592 16 16
1141 1168 592 16 16
6660 1184 96 16 16
6838 1184 80 16 16
7016 1184 64 16 16
7194 1184 48 16 16
7372 1184 32 16 16
7373 1200 32 16 16
7195 1200 48 16 16
7017 1200 64 16 16
6839 1200 80 16 16
6661 1200 96 16 16
6662 1216 96 16 16
6663 1232 96 16 16
6841 1232 80 16 16
6840 1216 80 16 16
7018 1216 64 16 16
7019 1232 64 16 16
7197 1232 48 16 16
7196 1216 48 16 16
7374 1216 32 16 16
7375 1232 32 16 16
drain 2
966 1216 592 32 32
7190 1120 32 32 32
land 29
2493 16 464 128 16
2149 208 496 64 16
2525 528 464 112 16
1269 368 544 64 48
1285 624 560 96 32
1643 656 480 32 80
2533 656 464 192 16
2017 944 512 32 16
1663 976 496 32 64
1843 1008 528 32 16
2562 1120 464 144 16
2395 1296 480 32 16
1687 1360 496 16 64
1156 1408 592 32 16
1143 1200 560 32 48
1515 1456 528 16 48
2050 1472 512 112 16
1526 1632 560 16 16
2602 1760 464 112 16
2069 1776 480 32 48
2078 1920 480 32 48
2611 1904 464 176 16
2266 2080 448 32 64
1562 2208 528 48 48
2821 2416 448 432 16
7544 1088 16 256 16
5052 1088 32 16 224
7189 1104 32 16 32
5067 1328 32 16 224
leaf 2
987 1552 608 16 16
1639 592 544 16 16
mushroom_red 1
254 1216 672 16 16
p 1
2033 1200 512 16 16
box 0
question_block 4
1914 2144 528 16 16
432 1216 656 16 16
2211 1200 496 16 16
1817 592 528 16 16
star 2
1949 2704 528 16 16
1188 1920 592 16 16
tarnooki 8
2289 2448 496 16 16
2262 2016 496 16 16
2173 592 496 16 16
914 384 608 16 16
2179 688 496 16 16
2184 768 496 16 16
798 1376 624 16 16
803 1456 624 16 16
tarnooki_fly 2
2122 2624 512 16 16
1344 1568 576 16 16
tortoise 0
tortoise_fly 0
tortoise_red 0
tree 0
tree_red 0
tree_red_shoot 3
2088 2080 496 32 32
1891 1776 512 32 32
965 1200 592 32 32
tree_shoot 0
uprise 16
1921 2256 464 160 80 10 -5
2624 2112 464 96 80 6 5
1527 1648 560 32 16 2 -1
1879 1584 528 48 48 3 3
1158 1440 576 32 32 2 -2
1509 1360 560 48 48 3 3
2219 1328 496 32 32 2 2
2393 1264 480 32 16 2 1
1845 1040 496 48 48 3 -3
2382 1088 480 32 16 2 -1
2367 848 480 96 48 6 3
2323 144 480 64 32 4 2
1975 272 512 96 48 6 3
1629 432 496 64 64 4 -4
2345 496 480 32 16 2 -1
1707 1680 480 80 80 5 -5
music 5
1716 1824 544 16 16
1541 1872 560 16 16
1366 1920 576 16 16
1162 1504 592 16 16
1165 1552 592 16 16
