brick 18
4582 2112 304 16 16
4760 2112 288 16 16
4761 2128 288 16 16
4751 1968 288 16 16
4752 1984 288 16 16
4753 2000 288 16 16
4754 2016 288 16 16
4755 2032 288 16 16
4756 2048 288 16 16
4757 2064 288 16 16
4578 2048 304 16 16
4577 2032 304 16 16
4576 2016 304 16 16
4574 1984 304 16 16
4575 2000 304 16 16
4397 2000 320 16 16
4398 2016 320 16 16
4399 2032 320 16 16
coin 40
3928 192 352 16 16
3929 208 352 16 16
3397 240 400 16 16
3587 432 384 16 16
3961 720 352 16 16
3806 1088 368 16 16
3452 1120 400 16 16
3098 1152 432 16 16
2744 1184 464 16 16
2390 1216 496 16 16
1152 1344 608 16 16
1153 1360 608 16 16
1154 1376 608 16 16
1517 1488 576 16 16
1518 1504 576 16 16
1699 1552 560 16 16
1700 1568 560 16 16
1701 1584 560 16 16
1702 1600 560 16 16
1526 1632 576 16 16
1527 1648 576 16 16
1528 1664 576 16 16
1529 1680 576 16 16
1887 1712 544 16 16
1533 1744 576 16 16
1713 1776 560 16 16
1360 1824 592 16 16
1718 1856 560 16 16
6377 2352 144 16 16
6200 2368 160 16 16
6201 2384 160 16 16
6380 2400 144 16 16
6558 2400 128 16 16
6735 2384 112 16 16
6734 2368 112 16 16
6914 2400 96 16 16
7092 2400 80 16 16
7269 2384 64 16 16
7268 2368 64 16 16
7089 2352 80 16 16
drain 4
1388 2272 576 32 32
6194 2272 144 32 32
4418 2336 304 32 32
6208 2496 144 32 32
land 34
4807 16 272 624 16
4668 640 288 464 16
4879 1168 272 352 16
4903 1552 272 80 16
4727 1584 288 48 16
4550 1600 304 32 16
4373 1616 320 16 16
4011 1520 352 32 16
2403 1424 496 64 16
2230 1504 512 208 16
4911 1680 272 576 16
4377 1680 320 16 16
4555 1680 304 32 16
4733 1680 288 48 16
4563 1808 288 32 32
4389 1872 288 32 48
4414 2272 176 32 160
1566 2272 384 32 208
5830 2144 192 128 16
6015 2256 32 16 160
7618 2272 32 144 16
7448 2400 48 32 16
7271 2416 64 32 16
7094 2432 80 32 16
6917 2448 96 32 16
6740 2464 112 32 16
6563 2480 128 48 16
6030 2496 176 48 16
6210 2528 128 16 48
5840 2304 192 192 16
4950 2304 272 528 16
4596 2336 288 32 32
7998 2656 -16 32 32
4295 368 288 32 48
leaf 3
3398 256 400 16 16
4314 672 320 16 16
4187 1488 336 16 16
mushroom_red 1
1515 1456 576 16 16
p 1
4222 2048 336 16 16
box 12
3341 2192 416 48 16
4407 2160 320 48 16
3822 1344 368 112 16
4176 1312 336 112 16
4530 1280 304 112 16
1863 1328 544 64 16
4298 416 320 80 16
3946 480 352 64 16
3593 528 384 64 16
4483 528 304 96 16
4288 256 320 48 16
3934 288 352 48 16
question_block 10
4106 192 336 16 16
4107 208 336 16 16
3575 240 384 16 16
3576 256 384 16 16
3765 432 368 16 16
4492 672 304 16 16
4139 720 336 16 16
1693 1456 560 16 16
4365 1488 320 16 16
4400 2048 320 16 16
star 1
4085 2704 352 16 16
tarnooki 4
4331 944 320 16 16
4326 864 320 16 16
4482 512 304 16 16
4292 320 320 16 16
tarnooki_fly 1
4160 1056 336 16 16
tortoise 1
4539 1424 304 16 16
tortoise_fly 3
3117 1456 432 16 16
3292 1408 416 16 16
3467 1360 400 16 16
tortoise_red 2
4226 2112 336 16 16
4131 592 336 16 16
tree 1
4385 1808 304 32 32
tree_red 0
tree_red_shoot 2
4117 368 320 32 32
4211 1872 320 32 32
tree_shoot 0
uprise 0
