120
1111 3 2493 2149 2323 
1112 5 2149 1269 1975 914 1629 
1121 9 2525 1285 1643 2533 1817 1639 2173 1629 2179 
1122 6 2533 2017 1663 1843 2367 2184 
1211 21 1843 2562 1143 254 432 2393 1845 2382 1849 1850 1851 1313 1314 1139 1140 1141 966 965 2211 2033 2212 
1212 12 2395 1687 1156 1515 2050 1162 1158 1509 2219 2393 798 803 
1221 11 2050 1526 2602 2069 1891 1527 1707 1879 1165 987 1344 
1222 10 2602 2069 2078 2611 2262 1716 1541 1366 1188 1891 
1231 21 6660 6838 7016 7194 7372 7373 7195 7017 6839 6661 6662 6663 6841 6840 7018 7019 7197 7196 7374 7375 7190 
2111 8 2611 2266 1562 1921 1914 1736 2088 2624 
2112 3 2821 1921 2289 
2121 3 2821 1949 2122 
2122 1 2821 
1111 3 2493 2149 2323 
1112 5 2149 1269 1975 914 1629 
1121 9 2525 1285 1643 2533 1817 1639 2173 1629 2179 
1122 6 2533 2017 1663 1843 2367 2184 
1211 21 1843 2562 1143 254 432 2393 1845 2382 1849 1850 1851 1313 1314 1139 1140 1141 966 965 2211 2033 2212 
1212 12 2395 1687 1156 1515 2050 1162 1158 1509 2219 2393 798 803 
1213 1 5052 
1214 1 5067 
1221 11 2050 1526 2602 2069 1891 1527 1707 1879 1165 987 1344 
1222 10 2602 2069 2078 2611 2262 1716 1541 1366 1188 1891 
1231 24 6660 6838 7016 7194 7372 7373 7195 7017 6839 6661 6662 6663 6841 6840 7018 7019 7197 7196 7374 7375 7190 7544 5052 7189 
1232 2 7544 5067 
2111 8 2611 2266 1562 1921 1914 1736 2088 2624 
2112 3 2821 1921 2289 
2121 3 2821 1949 2122 
2122 1 2821 
1111 3 2493 2149 2323 
1112 6 2149 1269 1975 914 1629 2345 
1121 9 2525 1285 1643 2533 1817 1639 2173 2179 2345 
1122 6 2533 2017 1663 1843 2367 2184 
1211 21 1843 2562 1143 254 432 2393 1845 2382 1849 1850 1851 1313 1314 1139 1140 1141 966 965 2211 2033 2212 
1212 12 2395 1687 1156 1515 2050 1162 1158 1509 2219 2393 798 803 
1213 1 5052 
1214 1 5067 
1221 11 2050 1526 2602 2069 1891 1527 1879 1165 987 1344 1707 
1222 10 2602 2069 2078 2611 2262 1716 1541 1366 1188 1891 
1231 24 6660 6838 7016 7194 7372 7373 7195 7017 6839 6661 6662 6663 6841 6840 7018 7019 7197 7196 7374 7375 7190 7544 5052 7189 
1232 2 7544 5067 
2111 8 2611 2266 1562 1921 1914 1736 2088 2624 
2112 3 2821 1921 2289 
2121 3 2821 1949 2122 
2122 1 2821 
