159
0 0 0 4096 4096
1 0 0 2048 2048
11 0 0 1024 1024
111 0 0 512 512
1111 0 0 256 256
1112 0 256 512 256
1113 256 0 256 512
1114 256 256 512 512
112 0 512 1024 512
1121 0 512 768 256
1122 0 768 1024 256
1123 256 512 768 512
1124 256 768 1024 512
113 512 0 512 1024
114 512 512 1024 1024
12 0 1024 2048 1024
121 0 1024 1536 512
1211 0 1024 1280 256
1212 0 1280 1536 256
1213 256 1024 1280 512
1214 256 1280 1536 512
122 0 1536 2048 512
1221 0 1536 1792 256
1222 0 1792 2048 256
1223 256 1536 1792 512
1224 256 1792 2048 512
123 512 1024 1536 1024
1231 512 1024 1280 768
1232 512 1280 1536 768
1233 768 1024 1280 1024
1234 768 1280 1536 1024
124 512 1536 2048 1024
13 1024 0 1024 2048
14 1024 1024 2048 2048
2 0 2048 4096 2048
21 0 2048 3072 1024
211 0 2048 2560 512
2111 0 2048 2304 256
2112 0 2304 2560 256
2113 256 2048 2304 512
2114 256 2304 2560 512
212 0 2560 3072 512
2121 0 2560 2816 256
2122 0 2816 3072 256
2123 256 2560 2816 512
2124 256 2816 3072 512
213 512 2048 2560 1024
214 512 2560 3072 1024
22 0 3072 4096 1024
23 1024 2048 3072 2048
24 1024 3072 4096 2048
3 2048 0 2048 4096
4 2048 2048 4096 4096
0 0 0 4096 4096
1 0 0 2048 2048
11 0 0 1024 1024
111 0 0 512 512
1111 0 0 256 256
1112 0 256 512 256
1113 256 0 256 512
1114 256 256 512 512
112 0 512 1024 512
1121 0 512 768 256
1122 0 768 1024 256
1123 256 512 768 512
1124 256 768 1024 512
113 512 0 512 1024
114 512 512 1024 1024
12 0 1024 2048 1024
121 0 1024 1536 512
1211 0 1024 1280 256
1212 0 1280 1536 256
1213 256 1024 1280 512
1214 256 1280 1536 512
122 0 1536 2048 512
1221 0 1536 1792 256
1222 0 1792 2048 256
1223 256 1536 1792 512
1224 256 1792 2048 512
123 512 1024 1536 1024
1231 512 1024 1280 768
1232 512 1280 1536 768
1233 768 1024 1280 1024
1234 768 1280 1536 1024
124 512 1536 2048 1024
13 1024 0 1024 2048
14 1024 1024 2048 2048
2 0 2048 4096 2048
21 0 2048 3072 1024
211 0 2048 2560 512
2111 0 2048 2304 256
2112 0 2304 2560 256
2113 256 2048 2304 512
2114 256 2304 2560 512
212 0 2560 3072 512
2121 0 2560 2816 256
2122 0 2816 3072 256
2123 256 2560 2816 512
2124 256 2816 3072 512
213 512 2048 2560 1024
214 512 2560 3072 1024
22 0 3072 4096 1024
23 1024 2048 3072 2048
24 1024 3072 4096 2048
3 2048 0 2048 4096
4 2048 2048 4096 4096
0 0 0 4096 4096
1 0 0 2048 2048
11 0 0 1024 1024
111 0 0 512 512
1111 0 0 256 256
1112 0 256 512 256
1113 256 0 256 512
1114 256 256 512 512
112 0 512 1024 512
1121 0 512 768 256
1122 0 768 1024 256
1123 256 512 768 512
1124 256 768 1024 512
113 512 0 512 1024
114 512 512 1024 1024
12 0 1024 2048 1024
121 0 1024 1536 512
1211 0 1024 1280 256
1212 0 1280 1536 256
1213 256 1024 1280 512
1214 256 1280 1536 512
122 0 1536 2048 512
1221 0 1536 1792 256
1222 0 1792 2048 256
1223 256 1536 1792 512
1224 256 1792 2048 512
123 512 1024 1536 1024
1231 512 1024 1280 768
1232 512 1280 1536 768
1233 768 1024 1280 1024
1234 768 1280 1536 1024
124 512 1536 2048 1024
13 1024 0 1024 2048
14 1024 1024 2048 2048
2 0 2048 4096 2048
21 0 2048 3072 1024
211 0 2048 2560 512
2111 0 2048 2304 256
2112 0 2304 2560 256
2113 256 2048 2304 512
2114 256 2304 2560 512
212 0 2560 3072 512
2121 0 2560 2816 256
2122 0 2816 3072 256
2123 256 2560 2816 512
2124 256 2816 3072 512
213 512 2048 2560 1024
214 512 2560 3072 1024
22 0 3072 4096 1024
23 1024 2048 3072 2048
24 1024 3072 4096 2048
3 2048 0 2048 4096
4 2048 2048 4096 4096
