45 178
3 3 3 3 3 3 3 3 3 3 3 3 3 3 3 3 3 3 3 3 3 3 3 3 3 3 3 3 3 3 3 3 3 3 3 3 3 3 3 3 3 3 3 3 3 3 3 3 3 3 3 3 3 3 3 3 3 3 3 3 3 3 3 3 3 3 3 3 3 3 3 3 3 3 3 3 3 3 3 3 3 3 3 3 3 3 3 3 3 3 3 3 3 3 3 3 3 3 3 3 3 3 3 3 3 3 3 3 3 3 3 3 3 3 3 3 3 3 3 3 3 3 3 3 3 3 3 3 3 3 3 3 3 2 7 7 7 7 7 7 7 7 7 7 7 7 7 7 7 7 7 7 7 7 7 7 7 7 7 7 7 7 7 7 7 7 258 3 3 3 3 3 3 3 3 3 3 3 
3 3 3 3 3 3 3 3 3 3 3 3 3 3 3 3 3 3 3 3 3 3 3 3 3 3 3 3 3 3 3 3 3 3 3 3 3 3 3 3 3 3 3 3 3 3 3 3 3 3 3 3 3 3 3 3 3 3 3 3 3 3 3 3 3 3 3 3 3 3 3 3 3 3 3 3 3 3 3 3 3 3 3 3 3 3 3 3 3 3 3 3 3 3 3 3 3 3 3 3 3 3 3 3 3 3 3 3 3 3 3 3 3 3 3 3 3 3 3 3 3 3 3 3 3 3 3 3 3 3 3 3 3 1 222 222 222 222 222 222 222 222 222 222 222 222 222 222 222 222 222 222 222 222 222 222 222 222 222 222 222 222 222 222 222 222 178 3 3 3 3 3 3 3 3 3 3 3 
3 3 3 3 3 3 3 3 3 3 3 3 3 3 3 3 3 3 3 3 3 3 3 3 3 3 3 3 3 3 3 3 3 3 3 3 3 3 3 3 3 3 3 3 3 3 3 3 3 3 3 3 3 3 3 3 3 3 3 3 3 3 3 3 3 3 3 3 3 3 3 3 3 3 3 3 3 3 3 3 3 3 3 3 3 3 3 3 3 3 3 3 3 3 3 3 3 3 3 3 3 3 3 3 3 3 3 3 3 3 3 3 3 3 3 3 3 3 3 3 3 3 3 3 3 3 3 3 3 3 3 3 3 1 222 222 222 222 222 222 222 222 222 222 222 222 222 222 222 222 222 222 222 222 222 222 222 222 222 222 222 222 222 222 222 222 178 3 3 3 3 3 3 3 3 3 3 3 
3 3 3 3 3 3 3 3 3 3 3 3 3 3 3 3 3 3 3 3 3 3 3 3 3 3 3 3 3 3 3 3 3 3 3 3 3 3 3 3 3 3 3 3 3 3 3 3 3 3 3 3 3 3 3 3 3 3 3 3 3 3 3 3 3 3 3 3 3 3 3 3 3 3 3 3 3 3 3 3 3 3 3 3 3 3 3 3 3 3 3 3 3 3 3 3 3 3 3 3 3 3 3 3 3 3 3 3 3 3 3 3 3 3 3 3 3 3 3 3 3 3 3 3 3 3 3 3 3 3 3 3 3 1 222 222 222 222 222 222 222 222 233 233 233 233 233 233 233 233 222 222 222 222 222 222 222 222 222 222 222 222 222 222 222 222 178 3 3 3 3 3 3 3 3 3 3 3 
3 3 3 20 28 35 43 53 67 81 93 106 115 121 3 3 3 3 3 3 3 3 3 3 3 3 3 3 3 3 3 3 3 3 3 3 3 3 3 3 3 3 3 3 3 3 3 3 3 3 3 3 3 3 3 3 3 3 3 3 3 3 3 3 3 3 3 3 3 3 3 3 3 3 3 3 3 3 3 3 3 3 3 3 3 3 3 3 3 3 3 3 3 3 3 3 3 3 3 3 3 3 3 3 3 3 3 3 3 3 3 3 3 3 3 3 3 3 3 3 3 3 3 3 3 3 3 3 3 3 3 3 3 1 222 222 222 222 222 222 222 222 233 233 233 233 233 233 247 247 233 222 222 222 222 222 222 222 222 222 222 222 222 222 222 222 178 3 3 3 3 3 3 3 3 3 3 3 
3 3 3 19 27 34 42 52 66 80 92 105 114 120 3 3 3 135 146 146 146 146 146 146 146 146 146 146 146 146 146 146 202 3 3 3 3 3 3 3 3 3 3 3 3 3 3 3 3 3 3 3 3 3 3 3 3 3 3 3 3 3 3 3 3 3 3 3 3 3 3 3 3 3 3 3 3 3 3 3 3 3 3 3 3 3 3 3 3 3 3 3 3 3 3 3 3 3 3 3 3 3 3 3 3 3 3 3 3 3 3 3 3 3 3 3 3 3 3 3 3 3 3 3 3 3 3 3 3 3 3 3 3 1 222 222 222 222 222 222 222 222 233 233 233 233 233 247 233 233 247 233 222 222 222 222 222 222 222 222 222 222 222 222 222 222 178 3 3 3 3 3 3 3 3 3 3 3 
3 3 3 3 3 33 41 51 65 79 91 104 113 3 3 3 3 134 145 153 153 166 144 169 144 176 183 187 187 187 189 143 201 3 3 3 3 3 3 3 3 3 3 3 3 3 3 3 3 3 3 3 3 3 3 3 3 3 3 3 3 3 3 3 3 3 3 3 3 3 3 3 3 3 3 3 3 3 3 3 3 3 3 3 3 3 3 3 3 3 3 3 3 3 3 3 3 3 3 3 3 3 3 3 3 3 3 3 3 3 3 3 3 3 3 3 3 3 3 3 3 3 3 3 3 3 3 3 3 3 3 3 3 1 222 222 222 222 222 222 222 222 233 233 233 233 233 233 233 233 247 233 233 222 222 222 222 222 222 222 222 222 222 222 222 222 178 3 3 3 3 3 3 3 3 3 3 3 
3 3 11 18 26 32 3 3 64 78 90 103 112 119 124 125 3 134 145 153 153 162 153 153 145 162 182 145 145 145 182 143 201 3 3 3 3 3 3 3 3 3 3 3 3 3 3 3 3 3 3 3 3 3 3 3 3 3 3 3 3 3 3 3 3 3 3 3 3 3 3 3 3 3 3 3 3 3 3 3 3 3 3 3 3 3 3 3 3 3 3 3 3 3 3 3 3 3 3 3 3 3 3 3 3 3 3 3 3 3 3 3 3 3 3 3 3 3 3 3 3 3 3 3 3 3 3 3 3 3 3 3 3 1 222 222 222 222 222 222 222 222 233 233 233 233 233 233 247 247 233 233 233 233 222 222 222 222 222 222 222 222 222 222 222 222 178 3 3 3 3 3 3 3 3 3 3 3 
3 3 3 3 3 3 3 2 63 77 89 3 3 3 3 3 3 134 145 145 153 165 153 171 144 169 181 188 144 191 182 143 201 3 3 3 3 3 3 3 3 3 3 3 3 3 3 3 3 3 3 3 3 3 3 3 3 3 3 3 3 3 3 3 3 3 3 3 3 3 3 3 3 3 3 3 3 3 3 3 3 3 3 3 3 3 3 3 3 3 3 3 3 3 3 3 3 3 3 3 3 3 3 3 3 3 3 3 3 3 3 3 3 3 3 3 3 3 3 3 3 3 3 3 3 3 3 3 3 3 3 3 3 1 222 222 222 222 222 222 222 222 233 233 233 233 233 233 233 233 247 233 233 233 233 222 222 222 222 222 222 222 222 222 222 222 178 3 3 3 3 3 3 3 3 3 3 3 
3 3 3 3 3 3 3 50 62 76 88 3 3 3 3 3 3 134 143 145 145 162 145 143 143 143 180 187 189 190 196 143 201 3 3 3 3 3 3 3 3 3 3 3 3 3 3 3 3 3 3 3 3 3 3 3 3 3 3 3 3 3 3 3 3 3 3 3 3 3 3 3 3 3 3 3 3 3 3 3 3 3 3 3 3 3 3 3 3 3 3 3 3 3 3 3 3 3 3 3 3 3 3 3 3 3 3 3 3 3 3 3 3 3 3 3 3 3 3 3 3 3 3 3 3 3 3 3 3 3 3 3 3 1 222 222 222 222 222 222 222 222 233 233 233 233 233 247 233 233 247 233 233 233 233 233 233 233 222 222 222 222 222 222 222 222 178 3 3 3 3 3 3 3 3 3 3 3 
3 3 3 3 3 3 3 49 61 75 87 3 3 3 3 3 3 134 143 143 143 165 144 170 144 175 143 143 180 187 195 143 201 3 3 3 3 3 3 3 3 3 3 3 3 3 3 3 3 3 3 3 3 3 3 3 3 3 3 3 3 3 3 3 3 3 3 3 3 3 3 3 3 3 3 3 3 3 3 3 3 3 3 3 3 3 3 3 3 3 3 3 3 3 3 3 3 3 3 3 3 3 3 3 3 3 3 3 3 3 3 3 3 3 3 3 3 3 3 3 3 3 3 3 3 3 3 3 3 3 3 3 3 1 222 222 222 222 222 222 222 222 232 240 233 233 233 233 247 247 233 233 233 233 233 233 232 240 222 222 222 222 222 222 222 222 178 3 3 3 3 3 3 3 3 3 3 3 
3 3 3 17 25 31 40 48 60 74 86 102 111 118 123 3 3 134 143 143 143 164 143 143 143 162 143 143 143 143 143 143 201 3 3 3 3 3 3 3 3 3 3 3 3 3 3 3 3 3 3 3 3 3 3 3 3 3 3 3 3 3 3 3 3 3 3 3 3 3 3 3 3 3 3 3 3 3 3 3 3 3 3 3 3 3 3 3 3 3 3 3 3 3 3 3 3 3 3 3 3 3 3 3 3 3 3 3 3 3 3 3 3 3 3 3 3 3 3 3 3 3 3 3 3 3 3 3 3 3 3 3 3 1 222 222 222 222 222 222 222 222 231 239 233 233 233 233 233 233 233 233 233 233 233 233 231 239 222 222 222 222 222 222 222 222 178 3 3 3 3 3 3 3 3 3 3 3 
3 3 3 16 24 30 39 47 59 73 85 101 110 117 122 3 3 134 144 152 144 163 143 143 143 165 144 186 144 171 143 143 201 3 3 3 3 3 3 3 3 3 3 3 3 3 3 3 3 3 3 3 3 3 3 3 3 3 3 3 3 3 3 3 3 3 3 3 3 3 3 3 3 3 3 3 3 3 3 3 3 3 3 3 3 3 3 3 3 3 3 3 3 3 3 3 3 3 3 3 3 3 3 3 3 3 3 3 3 3 3 3 3 3 3 3 3 3 3 3 3 3 3 3 3 3 3 3 3 3 3 3 3 1 222 222 222 222 222 222 222 222 230 238 222 222 222 222 222 222 222 222 222 222 222 222 230 238 222 222 222 222 222 222 222 222 178 3 3 3 3 3 3 3 3 3 3 3 
3 3 3 15 23 29 38 46 58 72 84 100 109 116 3 3 3 134 143 143 143 162 143 143 143 162 143 143 143 162 143 143 201 3 3 3 3 3 3 3 3 3 3 3 3 3 3 3 3 3 3 3 3 3 3 3 3 3 3 3 3 3 3 3 3 3 3 3 3 3 3 3 3 3 3 3 3 3 3 3 3 3 3 3 3 3 3 3 3 3 3 3 3 3 3 3 3 3 3 3 3 3 3 3 3 3 3 3 3 3 3 3 3 3 3 3 3 3 3 3 3 3 3 3 3 3 3 3 3 3 3 3 3 0 4 4 4 4 4 4 4 4 229 237 4 4 4 4 4 4 4 4 4 4 4 4 229 237 4 4 4 4 4 4 4 4 257 3 3 3 3 3 3 3 3 3 3 3 
3 3 3 3 3 3 37 45 57 71 83 99 3 3 3 3 3 134 143 143 143 161 144 169 144 174 144 185 144 169 143 143 201 3 3 3 3 3 3 3 3 3 3 3 3 3 3 3 3 3 3 3 3 3 3 3 3 3 3 3 3 3 3 3 3 3 3 3 3 3 3 3 3 3 3 3 3 3 3 3 3 3 3 3 3 3 3 3 3 3 3 3 3 3 3 3 3 3 3 3 3 3 3 3 3 3 3 3 3 3 3 3 3 3 3 3 3 3 3 3 3 3 3 3 3 3 3 3 3 3 3 3 3 3 3 3 3 3 3 3 3 3 228 236 3 3 243 246 249 249 249 249 249 249 249 249 251 246 3 3 3 3 3 3 3 3 3 3 3 3 3 3 3 3 3 3 3 3 
3 3 3 3 3 3 36 44 56 70 82 98 3 3 3 3 3 133 142 142 142 160 142 142 142 142 142 142 142 142 142 142 200 3 3 3 3 3 3 3 3 3 3 3 3 3 3 3 3 3 3 3 3 3 3 3 3 3 3 3 3 3 3 3 3 3 3 3 3 3 3 3 3 3 3 3 3 3 3 3 3 3 3 3 3 3 3 3 3 3 3 3 3 3 3 3 3 3 3 3 3 3 3 3 3 3 3 3 3 3 3 3 3 3 3 3 3 3 3 3 3 3 3 3 3 3 3 3 3 3 3 3 3 3 3 3 3 3 3 3 3 3 228 236 3 3 242 245 248 248 248 248 248 248 248 248 242 252 3 3 3 3 3 3 3 3 3 3 3 3 3 3 3 3 3 3 3 3 
2 7 7 7 7 7 7 7 7 7 7 7 7 7 7 7 7 7 7 7 7 7 7 7 7 7 7 7 7 7 7 7 7 7 7 7 7 7 7 7 7 7 7 7 7 7 7 7 7 7 7 7 7 7 7 7 7 7 7 7 7 7 7 7 7 7 7 7 7 7 7 7 7 7 7 7 7 7 7 7 7 7 7 7 7 7 7 7 7 7 7 7 7 7 7 7 7 7 7 7 7 7 7 7 7 7 7 7 7 7 7 7 7 7 7 7 7 7 7 7 7 7 7 7 7 7 7 7 7 7 7 7 7 7 7 7 7 7 7 7 7 7 227 235 7 7 227 235 7 7 7 7 7 7 7 7 7 7 7 7 7 7 7 7 7 7 7 7 7 7 7 7 7 7 7 7 7 258 
1 6 10 10 10 10 10 10 10 10 10 10 10 10 10 10 10 10 10 10 10 10 10 10 10 10 10 10 10 10 10 10 10 10 10 10 10 10 10 211 212 213 213 213 213 213 213 213 213 213 213 213 213 213 213 213 213 213 213 213 213 213 213 213 213 213 213 213 213 5 5 5 5 6 10 10 10 10 10 10 10 10 10 10 10 10 10 10 10 10 10 10 10 10 211 5 5 6 10 10 10 211 5 5 5 6 10 10 10 10 10 10 10 10 10 10 10 10 10 10 10 10 10 10 10 10 10 10 10 10 10 10 10 10 10 10 10 10 10 10 211 5 6 10 10 10 10 10 10 10 10 10 10 10 10 10 10 10 10 10 10 10 10 10 10 10 10 10 10 10 10 10 10 10 10 10 211 178 
1 5 9 14 14 14 13 12 14 22 5 97 97 97 5 5 129 132 141 151 156 159 5 168 173 5 179 184 184 184 194 199 132 179 184 184 184 184 194 159 6 10 10 10 10 10 10 10 10 10 10 10 10 10 10 10 10 10 10 10 10 10 10 10 10 10 10 10 211 5 5 5 5 5 5 97 97 97 5 5 179 184 184 184 184 184 194 199 141 151 156 159 5 5 5 5 5 5 5 220 220 220 5 5 5 220 220 220 5 97 97 97 5 168 173 5 5 168 173 8 12 14 22 219 219 219 219 219 219 219 5 5 219 219 5 129 132 141 225 194 159 5 168 173 5 5 168 173 5 9 14 14 14 14 22 5 250 233 233 233 233 233 253 255 233 233 256 233 233 233 233 233 233 253 255 256 233 178 
1 5 9 13 12 14 22 9 13 21 5 5 5 5 5 5 128 131 140 150 155 159 5 168 173 5 178 3 3 3 193 198 131 177 7 7 7 7 192 158 5 5 108 97 97 97 97 97 97 5 5 5 8 12 14 14 14 14 14 22 8 12 14 22 5 5 97 97 5 5 5 5 5 5 5 5 5 5 5 5 177 7 7 7 7 7 192 197 140 150 155 159 5 5 5 5 5 5 5 5 220 220 5 5 5 220 220 5 5 5 5 5 5 167 172 5 5 168 173 5 9 13 21 5 219 219 219 219 219 5 5 5 219 5 5 128 131 140 224 193 159 5 168 173 5 5 167 172 5 9 14 14 14 13 21 5 250 233 233 233 233 233 233 254 233 253 255 233 233 233 233 233 233 233 254 256 233 178 
1 5 8 12 22 8 21 8 21 5 5 5 5 5 5 5 127 130 139 149 155 159 5 167 172 5 177 7 7 7 192 197 131 140 208 206 210 159 5 5 5 5 126 5 5 5 5 5 5 5 5 5 5 9 13 12 13 12 14 22 5 9 13 21 5 5 5 5 5 5 5 5 5 5 5 5 5 5 5 5 5 5 128 131 131 131 131 131 140 150 155 159 5 108 5 5 5 5 5 5 5 220 5 5 5 220 5 5 5 5 5 5 5 5 5 5 5 167 172 5 8 21 5 5 5 219 219 219 219 5 5 5 5 5 5 127 130 139 223 193 159 5 220 220 5 5 241 244 5 9 14 14 14 22 5 5 250 233 233 233 233 233 233 254 233 256 233 233 233 233 233 233 233 233 253 255 233 178 
1 5 5 8 21 5 5 5 5 5 5 5 108 108 5 5 5 5 138 148 155 159 5 5 5 5 5 5 5 5 128 131 131 140 208 206 210 159 5 5 5 5 5 5 5 108 5 5 5 5 5 5 5 8 21 8 12 22 8 21 5 8 21 5 5 5 5 5 5 5 5 5 5 5 5 5 5 5 5 5 5 5 127 130 130 130 130 130 139 149 155 159 5 126 5 5 5 5 5 5 5 5 5 5 5 5 5 5 5 5 5 5 5 5 5 5 5 5 5 5 5 5 5 5 5 5 5 5 221 5 5 5 5 5 5 5 5 178 3 193 159 5 5 5 5 5 5 5 5 8 12 14 14 22 5 5 250 233 233 233 233 233 233 254 253 255 233 233 261 264 267 233 233 233 233 233 233 178 
1 5 5 5 5 5 5 5 5 5 5 5 107 107 5 5 5 5 137 147 154 158 5 5 5 5 5 5 5 5 127 130 130 139 207 206 210 159 5 5 5 5 5 5 5 107 5 5 5 5 5 5 5 5 5 5 8 21 5 5 5 5 5 5 5 5 5 5 5 5 5 5 5 5 5 5 5 5 5 5 5 5 5 5 138 148 148 148 148 148 155 159 5 5 5 220 220 5 5 5 5 5 5 5 5 5 5 5 5 5 5 5 5 5 5 5 5 5 5 5 5 5 5 5 5 5 5 5 5 5 5 5 5 5 5 5 5 178 3 193 159 5 5 5 5 5 5 5 5 5 8 12 14 22 5 5 250 233 233 233 233 233 233 254 256 233 233 233 260 263 266 233 233 233 233 233 233 178 
1 5 5 5 5 5 5 5 5 5 5 5 5 5 5 5 5 5 5 5 5 5 5 5 5 5 5 108 5 5 5 5 5 204 206 206 210 159 5 5 5 5 5 5 5 5 55 69 69 69 96 5 5 5 5 5 5 5 5 5 5 5 5 5 5 5 5 5 107 5 5 5 5 5 5 5 5 5 5 5 5 5 5 5 137 147 147 147 147 147 154 158 5 5 5 5 5 5 5 5 5 5 5 5 5 5 5 5 5 5 5 5 5 5 5 5 5 5 5 5 5 5 5 5 5 5 5 5 5 5 5 5 5 5 5 5 5 178 3 193 159 5 5 5 5 5 5 5 5 5 5 9 14 22 5 5 250 233 233 233 233 233 233 253 255 233 233 233 259 262 265 233 233 233 233 233 233 178 
1 5 5 5 5 5 5 5 5 5 5 5 5 5 5 108 108 5 5 5 5 5 5 5 5 5 5 107 5 5 5 5 5 203 205 205 209 158 5 5 5 5 5 5 5 5 54 68 68 68 95 5 5 5 5 5 5 5 5 5 5 5 5 5 5 5 5 5 5 5 5 5 5 5 5 5 5 5 5 5 5 5 5 5 5 5 5 5 5 5 5 5 5 5 5 5 5 5 5 5 5 5 5 5 5 5 5 5 5 5 5 5 5 5 5 5 5 5 5 5 5 5 5 5 5 5 5 5 5 5 5 5 5 5 5 5 5 178 3 193 159 5 220 220 5 5 55 69 96 5 5 9 13 21 5 5 250 233 233 233 233 233 233 233 233 233 233 233 233 233 233 233 233 233 233 233 233 178 
1 5 5 5 5 5 5 5 55 69 69 96 5 5 5 107 126 5 5 5 5 5 5 5 5 5 5 5 5 5 5 5 5 5 5 5 5 5 5 5 5 55 69 96 5 5 5 5 5 5 5 5 5 5 5 5 5 5 5 5 5 5 5 5 5 5 5 5 5 5 107 5 5 5 55 69 96 5 5 5 5 5 5 5 5 5 5 5 5 5 5 5 5 5 5 5 5 5 5 5 5 5 5 5 55 69 69 69 96 5 5 5 5 5 5 5 5 5 5 5 5 5 5 5 5 5 5 5 5 5 5 5 5 5 5 5 5 178 3 193 159 5 168 173 5 5 54 68 95 5 5 8 21 5 5 5 250 233 233 233 233 233 233 233 233 233 233 233 233 233 233 233 233 233 233 233 233 178 
1 5 5 5 5 5 5 5 54 68 68 95 5 5 5 5 5 5 5 5 5 55 69 96 5 5 5 5 5 5 5 5 5 5 5 5 5 5 5 5 5 54 68 95 5 5 5 5 5 5 5 5 5 5 5 5 5 5 5 5 5 5 5 5 5 5 5 5 5 5 5 5 5 5 54 68 95 5 5 5 5 5 5 5 5 5 5 5 5 5 5 5 5 5 5 5 5 5 5 5 5 5 5 5 54 68 68 68 95 5 5 5 5 5 5 5 5 5 5 5 5 5 5 5 5 5 5 5 5 5 5 5 5 5 5 5 5 177 7 192 158 5 168 173 5 5 5 5 5 5 5 5 5 5 5 5 250 233 233 233 233 233 233 233 233 233 233 233 233 233 233 233 233 233 233 233 233 178 
1 5 5 5 5 5 5 5 5 5 5 5 5 5 5 5 5 5 5 5 5 54 68 95 5 5 5 5 5 5 5 5 5 5 5 5 5 5 5 5 5 5 5 5 5 5 5 5 5 5 5 5 5 5 5 5 5 5 5 5 5 5 5 5 5 5 5 5 5 5 5 5 107 5 5 5 5 5 5 5 5 5 5 5 5 5 5 5 5 5 5 5 5 5 5 5 5 5 5 5 5 5 5 5 5 5 5 5 5 5 5 5 5 5 5 5 5 5 5 5 5 5 5 5 5 5 5 5 5 5 5 5 5 5 5 5 5 5 5 5 5 5 168 173 5 5 5 5 5 5 5 5 5 5 5 5 250 233 233 233 233 233 233 233 233 233 233 233 233 233 233 233 233 233 233 233 233 178 
1 5 5 5 5 5 5 5 5 5 5 5 5 5 5 5 5 5 5 5 5 5 5 5 5 5 5 5 5 5 5 5 5 5 5 5 5 5 5 5 5 5 5 5 5 5 5 5 5 5 5 5 5 5 5 5 5 5 5 5 5 5 5 5 5 5 5 5 5 5 5 5 5 5 5 5 5 5 5 5 5 5 5 5 5 5 5 5 5 5 5 5 5 5 5 5 5 5 5 5 5 5 5 5 5 5 5 5 5 5 5 5 5 5 5 5 5 5 5 5 5 5 5 5 5 5 5 5 5 5 5 5 5 5 5 5 5 5 5 5 5 5 168 173 5 5 5 5 5 5 5 5 5 5 5 5 250 233 233 233 233 233 233 233 233 233 233 233 233 233 233 233 233 233 233 233 233 178 
1 5 5 5 5 5 5 5 5 5 5 5 5 5 5 5 5 5 5 5 5 5 5 5 5 5 5 5 5 5 5 5 5 5 5 5 5 5 5 5 5 5 5 5 5 5 5 5 5 5 5 5 5 5 5 5 5 5 5 5 5 5 5 5 5 5 5 5 5 5 5 5 5 5 107 5 5 5 5 5 5 5 5 5 5 5 5 5 5 5 5 5 5 5 5 5 5 5 5 5 5 5 5 5 5 5 5 5 5 5 5 5 5 5 5 5 5 5 5 5 5 5 5 5 5 5 5 5 5 5 5 5 5 5 5 5 5 5 5 5 5 5 168 173 5 5 5 5 5 5 5 5 5 5 5 5 250 233 233 233 233 233 233 233 233 233 233 233 233 233 233 233 233 233 233 233 233 178 
1 5 5 5 5 5 5 5 5 5 5 5 5 5 5 5 5 5 5 5 5 5 5 5 5 5 5 5 5 5 5 5 5 5 5 5 5 5 5 5 5 5 5 5 5 5 5 5 5 5 5 5 5 5 5 5 5 5 5 5 5 5 5 5 5 5 5 5 5 5 5 5 5 5 5 5 5 5 5 5 5 5 5 5 5 5 5 5 5 5 5 5 5 5 5 5 5 5 5 5 5 5 5 5 5 5 5 5 5 5 5 5 5 5 5 5 5 5 5 5 5 5 5 5 5 5 5 5 5 5 5 5 5 5 5 5 5 5 5 5 5 5 168 173 5 5 5 5 5 5 5 5 5 5 5 5 250 233 233 233 233 233 233 233 233 233 233 233 233 233 233 233 233 233 233 233 233 178 
1 5 5 5 5 5 5 5 5 5 5 5 5 5 5 5 5 5 5 5 5 5 5 5 5 5 5 5 5 5 5 5 5 5 5 5 5 5 5 5 5 5 5 5 5 5 5 5 5 5 5 5 5 5 5 5 5 5 5 5 5 5 5 5 5 5 5 5 5 5 5 5 5 5 5 5 107 5 5 5 5 5 5 5 5 5 5 5 5 217 217 217 217 5 5 5 5 5 5 5 5 5 5 5 5 5 5 5 5 5 5 5 5 5 5 5 5 5 5 5 5 5 5 5 5 5 5 5 5 5 5 5 5 5 5 5 5 5 5 5 5 5 168 173 5 5 5 5 5 5 5 5 5 5 5 5 250 233 233 233 233 233 233 233 233 233 233 233 233 233 233 233 233 233 233 233 233 178 
1 5 5 5 5 5 5 5 5 5 5 5 5 5 5 5 5 5 5 5 5 5 5 5 5 5 5 5 5 5 5 5 5 5 5 5 5 5 5 5 5 5 5 5 5 5 5 5 5 5 5 5 5 5 5 5 5 5 5 5 5 5 5 5 5 5 5 5 5 5 5 5 5 5 5 5 5 5 5 5 5 5 5 214 215 215 215 216 5 5 5 5 5 5 217 217 217 217 217 217 217 217 217 217 217 217 217 5 5 5 5 5 5 5 5 5 5 5 5 5 5 5 5 5 5 5 5 5 5 5 5 5 5 5 5 5 5 5 5 5 5 5 168 173 5 5 5 5 5 5 5 5 5 5 5 5 250 233 233 233 233 233 233 233 233 233 233 233 233 233 233 233 233 233 233 233 233 178 
1 5 5 5 5 5 5 5 5 5 5 5 5 5 5 5 5 5 5 5 5 5 5 5 5 5 5 5 5 5 5 5 5 5 5 5 5 5 5 5 5 5 5 5 5 5 5 5 5 5 5 5 5 5 5 5 5 5 5 5 5 5 5 5 5 5 5 5 5 5 5 5 5 5 5 5 5 5 5 5 5 5 5 129 132 132 141 159 5 5 5 5 5 5 5 5 5 5 5 5 5 5 5 5 5 5 5 5 5 5 5 5 5 5 5 5 5 5 5 5 5 5 5 5 5 5 5 5 5 5 5 5 5 5 5 5 5 5 5 5 5 5 168 173 5 5 5 5 5 5 5 5 5 5 5 5 250 233 233 233 233 233 233 233 233 233 233 233 233 233 233 233 233 233 233 233 233 178 
1 5 5 5 5 5 5 5 5 5 5 94 5 5 5 5 5 5 5 94 5 5 5 5 136 5 5 5 5 5 5 5 5 5 5 5 5 5 5 5 5 5 5 5 5 5 5 5 5 5 5 5 5 5 5 5 5 5 5 5 5 5 5 5 5 5 5 5 5 5 5 5 5 5 5 5 5 5 5 5 136 5 5 127 130 130 139 158 5 5 5 5 5 5 5 5 5 5 5 5 5 5 5 5 5 5 5 107 5 5 5 5 5 5 5 5 5 5 5 5 5 5 5 5 5 5 5 5 5 5 5 5 5 5 5 5 5 157 5 5 5 5 168 173 5 5 5 5 5 5 5 5 5 5 5 5 250 233 233 233 233 233 233 233 233 233 233 233 233 233 233 233 233 233 233 233 233 178 
1 5 5 5 5 5 5 5 5 5 5 5 5 5 5 5 5 5 5 5 5 5 5 5 5 5 5 5 5 5 5 5 5 5 5 5 5 5 5 5 5 5 5 5 5 5 5 5 5 5 5 5 5 5 5 5 5 5 5 5 5 5 5 5 5 5 5 5 5 5 5 5 5 5 5 5 5 5 5 5 5 5 5 5 5 157 5 5 5 5 5 219 5 5 5 5 5 107 107 107 107 5 5 5 5 5 5 5 5 5 5 107 5 5 5 5 107 5 5 5 5 5 5 5 5 5 5 5 5 5 5 5 5 5 5 5 5 5 5 5 5 5 168 173 5 5 5 5 5 5 5 94 5 5 5 5 250 233 233 233 233 233 233 233 233 233 233 233 233 233 233 233 233 233 233 233 233 178 
1 5 5 5 5 5 5 5 5 5 5 5 5 5 5 5 5 5 5 5 5 5 5 5 5 5 5 5 5 5 5 5 5 5 5 5 5 5 5 5 5 5 5 5 5 5 5 5 5 5 5 5 5 5 5 5 5 5 5 5 5 5 5 5 5 5 5 5 5 5 5 5 5 5 5 5 5 5 5 5 5 5 5 5 5 5 5 5 5 5 5 218 5 107 107 5 5 5 5 5 5 5 107 107 107 107 5 5 5 107 5 5 5 5 5 5 5 5 5 5 5 5 5 5 5 5 5 5 5 5 5 5 5 5 5 5 5 5 5 5 5 5 167 172 5 5 5 5 5 157 5 5 5 5 5 5 250 233 233 233 233 233 233 233 233 233 233 233 233 233 233 233 233 233 233 233 233 178 
1 5 5 5 5 5 5 5 5 5 5 5 5 5 5 5 5 5 5 94 5 5 5 5 5 5 5 5 5 5 5 5 5 5 5 5 136 5 5 5 5 5 136 5 5 5 5 5 5 5 5 5 5 5 5 5 5 5 5 5 5 5 5 5 5 5 5 5 5 5 5 5 5 157 5 5 5 5 5 5 5 5 5 5 5 5 5 5 5 5 5 5 5 5 5 5 5 5 5 5 5 5 5 5 5 5 5 5 5 5 5 5 5 5 107 5 5 5 5 5 5 5 5 94 5 5 5 5 5 5 5 5 5 5 5 5 5 5 5 5 5 5 226 234 5 5 5 5 5 5 5 5 5 5 5 5 250 233 233 233 233 233 233 233 233 233 233 233 233 233 233 233 233 233 233 233 233 178 
1 5 5 5 5 5 5 5 5 5 5 5 5 5 5 5 5 5 5 5 5 157 5 5 5 5 5 5 5 5 5 5 5 5 5 5 5 5 5 5 5 5 5 5 5 5 5 5 5 5 136 5 5 5 5 5 5 5 5 5 5 5 5 94 5 5 5 5 5 5 5 5 5 5 5 5 5 157 5 5 5 5 5 5 107 107 107 5 5 5 5 5 5 5 5 5 5 5 5 5 5 5 5 5 5 5 5 5 5 5 5 5 5 5 5 5 5 5 5 5 5 5 5 5 5 5 5 5 5 5 5 5 5 5 5 5 5 5 5 5 5 5 5 5 5 5 136 5 5 5 5 5 5 5 5 5 250 233 233 233 233 233 233 233 233 233 233 233 233 233 233 233 233 233 233 233 233 178 
1 5 5 5 5 5 5 5 5 5 5 5 5 5 5 5 5 5 5 5 5 5 5 5 5 5 5 5 136 5 5 5 5 5 5 94 5 5 5 5 5 5 5 94 5 5 5 5 5 5 5 5 5 5 5 5 5 5 5 5 5 5 5 5 5 5 5 5 5 5 5 5 5 5 5 5 136 5 5 5 5 5 5 5 5 5 5 5 5 5 5 5 5 5 5 5 5 5 5 5 5 5 5 5 5 5 5 5 5 5 136 5 5 5 5 5 5 5 5 5 5 5 5 5 5 5 5 5 5 5 5 5 5 5 136 5 5 5 136 5 5 5 5 5 5 5 5 5 5 5 5 5 5 5 5 5 250 233 233 233 233 233 233 233 233 233 233 233 233 233 233 233 233 233 233 233 233 178 
1 5 5 5 5 5 5 5 5 5 5 5 5 5 5 5 5 5 136 5 5 5 5 5 5 5 5 5 5 5 5 5 5 5 5 5 5 5 5 5 5 5 5 5 5 5 5 5 5 5 5 5 5 5 5 5 5 5 5 5 5 5 5 5 5 5 5 5 5 5 5 94 5 5 5 5 5 5 5 5 5 5 5 5 5 5 5 5 5 5 5 5 5 5 5 5 5 5 5 5 5 5 5 5 5 5 5 5 5 5 5 5 136 5 5 5 5 5 5 5 5 5 5 5 5 5 5 5 5 5 5 5 5 5 5 5 5 5 5 5 5 5 5 5 5 5 5 5 5 5 5 5 5 5 5 5 250 233 233 233 233 233 233 233 233 233 233 233 233 233 233 233 233 233 233 233 233 178 
1 5 5 5 5 5 5 5 5 5 5 5 5 5 5 5 5 5 5 5 5 5 136 5 5 5 5 5 5 5 5 5 5 5 5 5 5 5 136 5 5 5 5 5 5 5 5 5 5 5 5 5 5 5 5 94 5 5 5 5 5 5 5 5 5 5 5 94 5 5 5 5 5 5 5 5 5 5 5 5 5 5 5 5 5 5 5 5 5 157 5 5 5 5 5 5 5 5 5 5 5 5 5 5 5 5 5 5 5 5 5 5 5 5 5 5 5 5 5 5 5 5 136 5 5 5 5 5 5 5 5 5 5 5 5 5 5 5 5 5 5 5 5 5 5 5 5 5 5 5 5 5 5 5 5 5 250 233 233 233 233 233 233 233 233 233 233 233 233 233 233 233 233 233 233 233 233 178 
1 5 5 5 5 5 5 5 5 5 5 5 5 5 5 5 5 5 5 5 5 5 5 5 5 5 5 5 136 5 5 5 5 5 5 5 5 5 5 5 5 5 5 5 5 157 5 5 5 5 5 5 5 5 5 5 5 5 5 5 5 5 5 5 5 5 5 5 5 157 5 5 5 5 5 5 5 5 5 5 5 5 5 5 136 5 5 5 5 5 5 5 5 5 5 5 5 5 5 94 5 5 5 5 5 5 5 5 5 5 5 5 5 5 5 5 5 5 5 5 5 5 5 5 5 5 136 5 5 5 5 5 5 5 5 5 5 5 5 5 5 5 5 5 5 5 5 5 5 5 5 5 5 157 5 5 250 233 233 233 233 233 233 233 233 233 233 233 233 233 233 233 233 233 233 233 233 178 
1 5 5 5 5 5 5 5 5 5 5 5 5 5 5 5 5 5 5 5 5 5 5 5 5 5 5 5 5 5 5 5 5 5 5 5 5 5 5 5 5 5 5 5 5 5 5 5 5 5 5 5 5 5 5 5 5 5 5 5 5 5 5 5 5 5 5 5 5 5 5 5 5 5 5 5 5 5 5 5 5 5 5 5 5 5 5 5 5 5 5 5 5 5 5 5 5 5 5 5 5 5 5 5 5 5 5 5 5 5 5 5 5 5 5 5 5 5 5 5 5 5 5 5 5 5 5 5 5 5 5 5 5 5 5 5 5 5 5 5 5 5 5 5 5 5 5 5 5 5 5 5 5 5 5 5 250 233 233 233 233 233 233 233 233 233 233 233 233 233 233 233 233 233 233 233 233 178 
0 4 4 4 4 4 4 4 4 4 4 4 4 4 4 4 4 4 4 4 4 4 4 4 4 4 4 4 4 4 4 4 4 4 4 4 4 4 4 4 4 4 4 4 4 4 4 4 4 4 4 4 4 4 4 4 4 4 4 4 4 4 4 4 4 4 4 4 4 4 4 4 4 4 4 4 4 4 4 4 4 4 4 4 4 4 4 4 4 4 4 4 4 4 4 4 4 4 4 4 4 4 4 4 4 4 4 4 4 4 4 4 4 4 4 4 4 4 4 4 4 4 4 4 4 4 4 4 4 4 4 4 4 4 4 4 4 4 4 4 4 4 4 4 4 4 4 4 4 4 4 4 4 4 4 4 4 4 4 4 4 4 4 4 4 4 4 4 4 4 4 4 4 4 4 4 4 257 
