brick 0
coin 6
3928 192 352
3929 208 352
3397 240 400
3398 256 400
3587 432 384
3961 720 352
drain 0
land 0
leaf 1
4314 672 320
mushroom_red 0
p 0
box 0
question_block 7
4106 192 336
4107 208 336
3575 240 384
3576 256 384
3765 432 368
4492 672 304
4139 720 336
star 0
tarnooki 0
tarnooki_fly 0
tortoise 0
tortoise_fly 5
4632 64 288
4633 80 288
4638 160 288
4641 208 288
4649 336 288
tortoise_red 4
4653 400 288
4655 432 288
4656 448 288
4657 464 288
tree 0
tree_red 0
tree_red_shoot 0
tree_shoot 0
