brick 0
coin 0
drain 0
land 21
2493 16 464 128 16
2149 208 496 64 16
1269 368 560 64 32
1285 624 560 96 32
1643 656 480 32 80
2525 528 464 112 16
1515 1456 528 16 48
2050 1472 512 112 16
2562 1120 464 144 16
2017 944 512 32 16
1843 1008 528 32 16
1663 976 496 32 64
2535 688 464 160 16
1526 1632 560 16 16
2602 1760 464 112 16
2069 1776 480 32 48
2611 1904 464 176 16
2078 1920 480 32 48
2266 2080 448 32 64
1562 2208 544 48 32
2821 2416 448 432 16
leaf 0
mushroom_red 0
p 0
box 0
question_block 0
star 0
tarnooki 2
1992 544 512 16 16
1994 576 512 16 16
tarnooki_fly 2
1876 1536 528 16 16
1697 1520 544 16 16
tortoise 0
tortoise_fly 3
2186 800 496 16 16
1858 1248 528 16 16
1699 1552 544 16 16
tortoise_red 0
tree 0
tree_red 0
tree_red_shoot 0
tree_shoot 0
uprise 13
2323 144 464 64 32 4 2
1975 272 480 96 48 6 3
1629 432 480 96 80 6 -5
2367 848 448 96 48 6 3
1845 1040 480 80 64 5 -4
2393 1264 480 32 16 2 1
2219 1328 480 32 32 2 2
1509 1360 528 48 48 3 3
1158 1440 576 32 32 2 -2
1879 1584 496 48 48 3 3
1527 1648 480 112 96 7 -6
2624 2112 400 96 80 6 5
1921 2256 464 160 80 10 -5
