120
1113 7 4807 4106 4107 3575 3928 3929 3397 
1114 11 4807 3576 3587 3398 4471 4295 3946 4298 4288 3934 4117 
1123 11 4807 4668 4492 4139 3961 4314 4132 3593 3946 4483 4489 
1124 3 4668 4155 4151 
1211 2 2390 2744 
1212 10 2230 2403 1863 1693 1517 1518 1152 1153 1154 1515 
1213 6 4668 4879 3098 3452 3806 4160 
1214 11 4879 4011 4365 4187 4530 4176 3822 3293 3291 3295 4720 
1221 12 2230 1699 1700 1701 1702 1526 1527 1528 1529 1887 1533 1713 
1222 2 1360 1718 
1223 9 4903 4727 4550 4373 4377 4555 4733 4911 4011 
1224 17 4911 4563 4389 4397 4398 4399 4574 4575 4576 4577 4751 4752 4753 4754 4755 4211 4385 
2111 2 1566 1388 
2113 15 4911 4948 1566 4414 3341 4407 4222 4578 4756 4757 4582 4760 4761 4400 4226 
2114 3 4948 4596 4418 
2123 2 4948 4085 
2124 1 4948 
2131 1 6194 
2132 1 6208 
1113 7 4807 4106 4107 3575 3928 3929 3397 
1114 11 4807 3576 3587 3398 4471 4295 3946 4298 4288 3934 4117 
1123 11 4807 4668 4492 4139 3961 4314 4132 3593 3946 4483 4489 
1124 3 4668 4155 4151 
1211 2 2390 2744 
1212 10 2230 2403 1863 1693 1517 1518 1152 1153 1154 1515 
1213 6 4668 4879 3098 3452 3806 4160 
1214 11 4879 4011 4365 4187 4530 4176 3822 3293 3291 3295 4720 
1221 12 2230 1699 1700 1701 1702 1526 1527 1528 1529 1887 1533 1713 
1222 2 1360 1718 
1223 9 4903 4727 4550 4373 4377 4555 4733 4911 4011 
1224 17 4911 4563 4389 4397 4398 4399 4574 4575 4576 4577 4751 4752 4753 4754 4755 4211 4385 
2111 2 1566 1388 
2113 15 4911 4948 1566 4414 3341 4407 4222 4578 4756 4757 4582 4760 4761 4400 4226 
2114 3 4948 4596 4418 
2123 2 4948 4085 
2124 1 4948 
2131 1 6194 
2132 1 6208 
1113 7 4807 4106 4107 3575 3928 3929 3397 
1114 11 4807 3576 3587 3398 4471 4295 3946 4298 4288 3934 4117 
1123 11 4807 4668 4492 4139 3961 4314 4132 3593 3946 4483 4489 
1124 3 4668 4155 4151 
1211 2 2390 2744 
1212 10 2230 2403 1863 1693 1517 1518 1152 1153 1154 1515 
1213 6 4668 4879 3098 3452 3806 4160 
1214 11 4879 4011 4365 4187 4530 4176 3822 3293 3291 3295 4720 
1221 12 2230 1699 1700 1701 1702 1526 1527 1528 1529 1887 1533 1713 
1222 2 1360 1718 
1223 9 4903 4727 4550 4373 4377 4555 4733 4911 4011 
1224 17 4911 4563 4389 4397 4398 4399 4574 4575 4576 4577 4751 4752 4753 4754 4755 4211 4385 
2111 2 1566 1388 
2113 15 4911 4948 1566 4414 3341 4407 4222 4578 4756 4757 4582 4760 4761 4400 4226 
2114 3 4948 4596 4418 
2123 2 4948 4085 
2124 1 4948 
2131 1 6194 
2132 1 6208 
