40
1113 7 4807 4106 4107 3575 3928 3929 3397 
1114 11 4807 4288 3934 4298 3946 3576 3765 3587 4471 4295 3398 
1123 11 4807 4668 3946 3593 4483 4492 4139 3961 4482 4131 4314 
1124 3 4668 4326 4331 
1211 2 2744 2390 
1212 10 2230 2403 1863 1693 1517 1518 1515 1152 1153 1154 
1213 6 4668 4879 3806 3452 3098 4340 
1214 11 4879 4011 4530 4176 3822 4365 4187 4543 3116 3470 3467 
1221 12 2230 1699 1700 1701 1702 1526 1527 1528 1529 1887 1533 1713 
1222 1 1718 
1223 9 4903 4727 4550 4373 4377 4556 4735 4914 4011 
1224 15 4914 4563 4389 4751 4752 4753 4754 4755 4574 4575 4576 4577 4397 4398 4399 
2111 2 1566 1388 
2113 14 4914 1566 4414 4407 3341 4400 4756 4757 4578 4582 4760 4761 4222 4404 
2114 3 4596 4950 4418 
2123 2 4950 4085 
2124 1 4950 
2131 4 6193 7618 6016 6194 
2132 23 5840 7618 7448 7271 7094 6917 6740 6563 6210 6030 6377 6200 6201 6380 6558 6735 6734 6914 7092 7269 7268 7089 6208 
