29
0 0 0 4096 4096
1 0 0 2048 2048
11 0 0 1024 1024
111 0 0 512 512
1111 0 0 256 256
1112 0 256 512 256
1113 256 0 256 512
1114 256 256 512 512
112 0 512 1024 512
1121 0 512 768 256
1122 0 768 1024 256
1123 256 512 768 512
1124 256 768 1024 512
113 512 0 512 1024
114 512 512 1024 1024
12 0 1024 2048 1024
121 0 1024 1536 512
1211 0 1024 1280 256
1212 0 1280 1536 256
1213 256 1024 1280 512
1214 256 1280 1536 512
122 0 1536 2048 512
123 512 1024 1536 1024
124 512 1536 2048 1024
13 1024 0 1024 2048
14 1024 1024 2048 2048
2 0 2048 4096 2048
3 2048 0 2048 4096
4 2048 2048 4096 4096
