84
1 0 0 32 32
2 192 0 32 40
1 384 0 32 48
1 576 0 32 48
1 768 0 32 48
1 0 48 32 48
3 192 48 32 48
3 384 48 32 48
1 576 48 32 48
1 768 48 32 48
1 0 96 32 48
1 192 96 32 48
3 384 96 32 48
3 576 96 32 48
3 768 96 32 48
3 0 144 32 48
1 192 144 32 32
1 384 144 32 32
1 576 144 32 48
1 768 144 32 48
4 0 192 32 32
3 192 192 48 48
3 384 192 48 48
1 576 192 48 48
1 768 192 48 48
3 0 240 48 48
3 192 240 48 48
3 384 240 48 48
3 576 240 48 48
3 768 240 48 48
3 0 288 48 48
1 192 288 48 48
1 384 288 48 48
1 576 288 48 48
1 768 288 48 48
3 0 336 48 48
3 192 336 48 48
3 384 336 48 48
3 576 336 48 48
1 768 336 48 32
1 0 384 48 32
6 192 384 32 32
4 384 384 32 32
1 576 384 32 32
4 768 384 32 40
4 0 432 32 40
4 192 432 32 40
4 384 432 32 40
4 576 432 32 40
4 768 432 32 40
2 0 480 32 32
1 192 480 32 16
2 384 480 32 32
1 576 480 32 16
2 768 480 32 40
2 0 528 32 40
2 192 528 32 40
4 384 528 32 32
4 576 528 32 32
4 768 528 32 32
4 0 576 32 32
2 192 576 32 40
1 384 576 32 32
1 576 576 32 32
1 768 576 32 16
1 0 624 32 32
1 192 624 32 32
1 384 624 32 32
1 576 624 32 32
2 768 624 32 32
2 0 672 32 32
1 192 672 32 32
1 384 672 32 32
1 576 672 32 32
1 768 672 32 32
2 0 720 32 32
2 192 720 32 32
2 384 720 32 32
2 576 720 32 32
1 768 720 32 32
1 0 768 32 32
2 192 768 32 32
1 384 768 32 32
1 576 768 32 32
Bye
